City,Latitude,Longitude,Temperature (F),Humidity (%),Wind Speed (mph),Cloudiness (%)
Loughrea,53.2,-8.57,54.37,100,6.93,75
Cidreira,-30.18,-50.21,68.25,82,14.54,98
Ribeira Grande,38.52,-28.7,61.16,65,13.22,46
Cayenne,4.93,-52.33,80.6,88,5.82,20
Hermanus,-34.42,19.23,48.99,89,10.22,63
Ozernovskiy,51.5,156.52,36.61,74,5.28,100
Leningradskiy,69.38,178.42,20.14,94,6.49,100
Mataura,-46.19,168.86,57.99,67,8.01,96
Mahajanga,-15.72,46.32,75.2,88,4.7,20
Douglas,41.3,-96.17,67.91,60,18.34,1
Zhigansk,66.77,123.37,-14.53,89,7.23,36
La Ronge,55.1,-105.28,14.0,78,13.87,100
Los Llanos de Aridane,28.66,-17.92,66.2,68,8.05,0
Avarua,-21.21,-159.78,80.6,69,5.82,80
Conceição do Araguaia,-8.26,-49.26,79.88,72,2.44,16
College,64.86,-147.8,32.25,86,6.93,90
Chui,-33.7,-53.46,58.5,90,5.99,41
Pennsylvania,40.27,-76.91,53.91,66,0.92,1
Tuatapere,-46.13,167.68,57.99,67,8.01,99
Nemuro,43.32,145.57,37.4,86,9.17,75
Thompson,55.74,-97.86,10.4,85,12.75,90
Barrow,71.29,-156.79,15.8,85,20.8,90
Nanortalik,60.14,-45.24,29.03,93,22.1,100
Bambous Virieux,-20.34,57.76,73.22,88,6.93,75
Ostrovnoy,68.05,39.51,32.45,94,25.68,100
Port Elizabeth,-33.92,25.57,57.2,87,14.99,0
Butaritari,3.07,172.79,81.9,65,8.3,2
Qaanaaq,77.48,-69.36,-8.0,70,8.59,0
Lavrentiya,65.58,-171.0,27.12,94,6.55,67
Arraial do Cabo,-22.97,-42.03,74.14,92,12.37,97
Bonfim,3.08,-59.95,75.34,89,4.0,98
Dikson,73.51,80.55,0.72,92,13.22,96
Turukhansk,65.82,87.98,33.12,98,15.75,100
Yellowknife,62.46,-114.35,28.13,80,17.22,75
Busselton,-33.65,115.33,61.63,77,20.69,100
Castro,-24.79,-50.01,64.58,68,6.44,43
Atuona,-9.8,-139.03,77.68,64,12.53,74
Hilo,19.73,-155.09,77.16,65,9.17,90
San Ramon,37.78,-121.98,46.06,44,6.93,1
Torbay,47.67,-52.73,33.21,81,11.41,20
Bredasdorp,-34.53,20.04,51.8,81,8.05,67
Port Alfred,-33.59,26.89,62.91,82,13.67,100
Guerrero Negro,27.98,-114.06,64.15,59,11.5,71
Hithadhoo,-0.6,73.08,83.98,71,7.72,37
Assiut,27.18,31.18,59.0,67,11.41,0
Olafsvik,64.89,-23.71,41.79,78,18.92,100
Hurricane,37.18,-113.29,38.84,93,6.93,20
Marsabit,2.33,37.99,65.08,93,13.11,16
Komsomolets,53.75,62.07,34.84,84,17.02,0
Rikitea,-23.12,-134.97,72.99,78,15.23,100
George Town,5.41,100.34,79.68,83,3.36,40
Almeria,37.17,-2.33,53.1,87,2.24,0
Swan Hill,-35.34,143.55,85.26,29,13.0,60
Aykhal,66.0,111.5,1.4,84,6.71,90
Faya,18.39,42.45,58.1,62,2.13,0
Saint-Philippe,-21.36,55.77,64.44,73,3.36,0
Kaihua,23.37,104.28,57.4,63,8.55,1
Jamestown,42.1,-79.24,56.95,44,3.22,1
Richards Bay,-28.78,32.04,73.78,86,10.16,89
Bucerías,20.75,-105.33,80.31,78,5.82,5
Vanavara,60.34,102.28,32.16,96,7.87,100
Kununurra,-15.77,128.73,98.6,37,6.93,35
Lebu,-37.62,-73.65,51.91,92,19.57,14
Clyde River,70.47,-68.59,-2.2,77,17.22,1
Hobart,-42.88,147.33,72.5,42,9.17,0
Takapau,-40.03,176.35,48.99,92,4.0,100
Ushuaia,-54.8,-68.3,42.8,56,27.51,75
Safi,32.3,-9.24,64.22,75,5.44,0
Upernavik,72.79,-56.15,-5.66,77,10.85,0
East London,-33.02,27.91,65.82,82,7.11,100
Olinda,-8.01,-34.86,77.0,94,8.05,75
Bluff,-46.6,168.33,57.99,67,8.01,91
Mar del Plata,-38.0,-57.56,61.0,73,8.99,33
Albany,42.6,-73.97,52.48,87,2.17,1
Pisco,-13.7,-76.22,62.35,88,17.22,0
Cape Town,-33.93,18.42,52.47,66,5.82,20
Carutapera,-1.2,-46.02,79.56,82,7.14,47
Kolín,50.03,15.2,39.67,93,2.24,90
Bethel,41.37,-73.41,53.56,81,3.36,1
New Norfolk,-42.78,147.06,74.07,29,3.0,0
Dzhebariki-Khaya,62.22,135.8,-9.33,87,1.07,85
Smithers,54.78,-127.17,28.4,68,2.24,75
Lagoa,39.05,-27.98,60.49,63,11.74,93
Liberal,37.04,-100.92,64.4,72,23.04,1
Opuwo,-18.06,13.84,62.51,53,1.54,27
Provideniya,64.38,-173.3,33.8,86,8.95,90
Saldanha,-33.01,17.94,51.8,81,4.7,0
Khatanga,71.97,102.5,9.54,91,17.6,100
Winnemucca,40.97,-117.74,24.8,79,4.7,1
Altay,47.87,88.12,39.76,59,6.38,79
San Patricio,28.02,-97.52,73.13,83,10.29,20
Durango,24.83,-104.83,60.67,45,5.5,0
Puerto Ayora,-0.74,-90.35,69.01,87,5.99,9
Upornaya,44.39,41.02,40.53,79,1.01,0
Vaini,-21.2,-175.2,80.6,74,6.93,20
Bar Harbor,44.39,-68.2,50.0,93,9.17,90
Koumac,-20.57,164.28,78.44,61,16.04,30
Tallahassee,30.44,-84.28,73.24,73,6.93,20
Mali,12.08,-12.3,61.81,32,2.15,0
Acapulco de Juárez,16.86,-99.89,82.4,78,4.7,40
Asău,46.43,26.4,37.17,100,2.24,0
Hong Kong,22.29,114.16,73.08,47,3.0,83
Sur,22.57,59.53,74.44,65,1.43,0
Huarmey,-10.07,-78.15,61.29,88,6.6,16
Flinders,-34.58,150.86,69.01,57,9.33,37
Laas,46.62,10.7,35.6,54,5.82,5
Yei,4.09,30.68,67.42,92,2.15,98
Gizo Government Station,-8.1,156.84,84.52,70,2.57,57
Port Blair,11.67,92.75,83.16,77,11.59,49
Shestakovo,56.49,103.96,32.09,94,6.69,0
Pavlodar,52.3,76.95,41.0,60,20.13,75
Shaunavon,49.65,-108.42,12.2,92,20.8,100
Punta Arenas,-53.15,-70.92,42.39,75,14.99,90
Longyearbyen,78.22,15.64,26.6,73,5.82,75
Terra Santa,-2.1,-56.49,77.77,87,2.28,88
Severo-Kuril'sk,50.68,156.12,36.82,80,17.85,100
Muscat,23.61,58.59,78.8,78,5.82,20
Bera,24.08,89.62,73.89,76,6.89,0
Barentu,15.11,37.59,69.58,50,1.59,0
Lucapa,-8.42,20.74,66.29,98,2.35,75
Alofi,-19.06,-169.92,82.4,65,12.75,75
Turaif,31.67,38.66,55.4,82,16.11,0
Hamilton,39.18,-84.53,61.95,55,6.93,1
Iqaluit,63.75,-68.51,17.29,78,10.29,90
Rocha,-34.48,-54.33,54.19,94,3.83,65
Tambopata,-12.73,-69.18,80.55,53,1.45,9
Puerto Maldonado,-12.6,-69.18,81.21,52,2.08,24
Saint Paul,44.94,-93.09,66.58,63,12.75,1
Nísia Floresta,-6.09,-35.21,76.14,88,5.82,40
Murgab,37.5,61.97,50.0,81,6.93,40
Yeniseysk,58.45,92.17,39.04,82,9.04,100
The Pas,53.83,-101.25,15.8,92,16.11,90
Kontagora,10.4,5.47,71.76,38,3.51,68
Beloha,-25.17,45.05,75.11,52,10.71,0
São Domingos do Maranhão,-5.58,-44.39,79.52,63,1.92,62
Vila Velha,-20.33,-40.29,76.46,83,11.41,20
Saint Paul Harbor,57.79,-152.41,44.6,52,32.21,20
Hirara,24.8,125.28,73.4,73,18.34,75
Loandjili,-4.76,11.86,76.71,89,6.6,100
Nikolskoye,59.7,30.79,30.0,86,4.47,20
Bagua Grande,-5.76,-78.44,75.69,65,4.14,12
La Rioja,42.25,-2.5,49.64,93,2.24,20
Ignacio de la Llave,18.72,-95.98,75.09,88,3.36,5
Airai,-8.93,125.41,79.72,38,7.18,80
Jertih,5.73,102.49,75.11,94,3.36,40
Malakal,9.53,31.66,72.66,36,2.55,0
Vao,-22.67,167.48,70.83,78,19.51,6
Lorengau,-2.02,147.27,83.55,72,3.8,34
Santa Rosa,14.31,121.11,80.92,88,2.24,90
Manassas,38.75,-77.48,57.85,93,3.11,0
Mount Isa,-20.73,139.5,95.0,9,5.82,0
São Félix do Xingu,-6.64,-51.99,72.77,95,1.5,65
São Filipe,14.9,-24.5,79.56,75,6.22,10
Porto-Novo,6.5,2.6,82.4,78,9.17,20
Kiama,-34.68,150.87,67.75,57,9.8,22
Tasiilaq,65.61,-37.64,32.18,98,30.13,100
Kapaa,22.08,-159.32,81.03,69,13.87,40
Terråk,65.09,12.37,44.31,87,11.41,75
Morón,-34.65,-58.62,69.48,66,7.0,100
Lata,40.16,-8.33,54.54,92,1.01,6
Camacha,33.08,-16.33,60.8,82,6.93,40
Enid,36.4,-97.88,64.9,93,16.11,1
Kaseda-shirakame,31.42,130.32,57.09,58,10.29,0
Whitehorse,60.72,-135.05,30.2,86,23.04,75
Sioux Lookout,50.1,-91.92,57.2,67,9.17,20
Hambantota,6.12,81.12,75.2,100,2.24,20
São João da Barra,-21.64,-41.05,74.86,93,11.14,100
Dalbandin,28.89,64.41,54.3,38,0.78,0
Atasū,48.68,71.64,30.88,93,21.5,59
Brookhaven,31.58,-90.44,66.34,96,4.63,1
Ola,59.58,151.28,11.75,86,16.84,95
Mezen',65.85,44.24,33.49,96,10.33,100
Margate,51.38,1.39,56.57,91,1.99,100
Jining,35.41,116.58,56.88,37,6.8,6
Viedma,-40.81,-63.0,61.0,88,1.99,4
Voi,-3.39,38.56,71.1,87,5.32,44
Pevek,69.7,170.31,16.86,94,3.36,100
Lüderitz,-26.65,15.16,58.95,77,23.04,0
Hienghène,-20.68,164.93,77.65,62,7.43,52
San Lorenzo,-25.33,-57.53,78.8,61,10.29,40
Alihe,50.57,123.72,16.99,76,8.01,0
Trelew,-43.25,-65.31,67.78,62,8.66,87
Aras,42.56,-2.36,49.59,93,2.24,20
Eskişehir,39.78,30.52,32.0,70,3.36,0
Tataouine,32.93,10.45,62.6,63,4.7,0
Kumba,4.64,9.45,71.2,95,0.65,76
Virginia Beach,36.85,-75.98,60.19,87,5.55,75
Nchelenge,-9.35,28.73,72.18,71,4.52,23
Ambon City,-3.7,128.18,86.0,70,4.7,40
Noshiro,40.2,140.02,37.4,93,13.87,75
Tuktoyaktuk,69.45,-133.04,10.4,92,2.24,40
Yatou,37.15,122.38,52.79,42,11.32,0
Greater Sudbury,46.49,-80.99,46.83,81,10.29,5
Souillac,-20.52,57.52,73.4,88,6.93,75
Cockburn Town,21.46,-71.14,81.21,82,26.24,100
Kavieng,-2.57,150.8,83.86,68,2.64,75
Ponta do Sol,32.67,-17.1,59.81,55,4.7,20
Artyom,40.47,50.33,57.2,76,13.87,0
Pechenga,69.53,31.17,28.4,100,11.41,90
Laguna,38.42,-121.42,52.23,25,10.29,1
Matamoros,25.53,-103.25,82.4,20,5.03,5
Ardakān,32.31,54.02,53.6,50,2.24,0
Port Hedland,-20.32,118.57,91.4,29,11.41,0
Aksu,41.12,80.26,41.23,55,1.48,100
Rēzekne,56.5,27.32,34.18,90,4.43,0
Fortuna,40.6,-124.16,46.45,65,13.87,1
Anchorage,61.22,-149.9,33.12,80,4.7,90
Boulsa,12.67,-0.58,75.63,19,8.57,100
Salym,60.06,71.48,28.35,98,5.93,100
Atar,20.52,-13.05,83.21,15,5.48,73
Riberalta,-10.98,-66.1,82.4,54,1.36,100
Västerås,59.62,16.55,45.81,87,3.36,98
Cedar City,37.68,-113.06,28.4,79,10.29,90
Kalabo,-14.97,22.68,73.63,52,6.2,0
Bongandanga,1.5,21.05,70.21,96,0.6,100
General Pico,-35.66,-63.76,70.41,51,13.15,100
Câmara de Lobos,32.63,-16.97,59.61,55,4.7,20
Tiksi,71.69,128.87,-9.22,89,3.6,9
Naze,28.37,129.48,71.6,56,16.11,20
Mbaïki,3.87,17.99,70.32,92,1.68,21
Kousséri,12.08,15.03,68.0,60,2.24,99
Mount Gambier,-37.83,140.77,82.4,30,12.75,100
Bakersfield,35.37,-119.02,50.0,53,19.46,20
Shiraz,29.6,52.54,45.81,65,3.36,0
Qasigiannguit,68.82,-51.19,12.2,61,3.36,100
Xining,36.62,101.77,38.57,55,1.5,0
Eyl,7.98,49.82,78.57,76,14.56,1
Wu’an,31.68,112.0,62.82,34,2.53,44
Avera,33.19,-82.53,67.06,74,8.05,40
Chicama,-7.84,-79.15,62.11,82,4.54,9
Klyuchi,52.27,79.17,39.22,70,16.04,83
Kampong Cham,11.99,105.46,77.72,80,9.8,100
Nabire,-3.37,135.48,85.39,70,5.08,88
Carnarvon,-24.87,113.63,71.6,60,12.75,90
Broome,42.25,-75.83,52.41,38,4.7,1
Ossora,59.24,163.07,24.76,85,8.43,6
Rincon,32.3,-81.24,70.09,88,11.41,90
Mahébourg,-20.41,57.7,73.4,88,6.93,75
Iralaya,15.0,-83.23,77.25,86,10.04,100
Carora,10.18,-70.08,78.31,81,1.79,95
Kaitangata,-46.28,169.85,54.0,70,15.01,99
Bengkulu,-3.8,102.27,80.1,82,0.49,96
Kuressaare,58.25,22.5,35.6,93,2.24,0
Omboué,-1.57,9.26,75.56,92,6.08,100
Volksrust,-27.37,29.88,62.78,67,1.14,70
San Cristobal,7.77,-72.22,67.53,91,0.89,97
Fare,-16.7,-151.02,79.29,78,15.64,73
Honiara,-9.43,159.95,87.8,70,11.41,20
Inírida,3.87,-67.92,76.51,90,1.59,99
Vilhena,-12.74,-60.15,70.52,93,5.08,52
Bud,39.45,-86.18,63.5,59,3.36,1
Deputatsky,69.3,139.9,-15.59,90,3.18,43
Marawi,8.0,124.29,82.99,77,5.01,72
Zverinogolovskoye,54.46,64.85,34.59,88,13.73,50
Mareeba,-17.0,145.43,87.91,43,19.46,20
Ulladulla,-35.35,150.47,66.07,52,4.7,75
Saint George,37.1,-113.58,39.2,93,6.93,20
Ilulissat,69.22,-51.1,12.2,61,3.36,100
Luohe,33.57,114.04,59.23,34,5.1,99
Klaksvík,62.23,-6.59,48.2,93,19.46,100
Skierniewice,51.95,20.16,43.0,10,5.12,0
Sitka,57.05,-135.33,42.8,75,25.28,90
Santa Cruz de la Sierra,-17.8,-63.17,77.0,69,3.36,0
Awjilah,29.11,21.29,57.52,76,8.97,0
Grindavik,63.84,-22.43,41.0,93,20.8,75
Taber,49.82,-112.15,15.31,92,27.51,100
Mujiayingzi,42.12,118.78,38.98,58,10.45,0
Port Hardy,50.7,-127.42,39.07,65,2.24,20
Ilhabela,-23.78,-45.36,71.31,86,7.74,71
Montalvo,-1.8,-79.33,74.68,68,2.91,18
Kayes,14.0,-11.0,76.71,18,3.02,0
Kruisfontein,-34.0,24.73,55.99,95,9.57,100
Gamba,-2.65,10.0,75.18,90,5.39,100
Buala,-8.14,159.59,87.8,59,4.54,13
Behshahr,36.69,53.55,52.68,70,6.17,0
Srednekolymsk,67.45,153.68,-4.49,92,5.35,99
Juneau,58.3,-134.42,30.16,80,25.28,90
Oranjestad,12.52,-70.03,78.8,88,5.82,20
Santa Barbara,34.73,-120.03,50.0,61,10.29,90
Monrovia,6.3,-10.8,77.0,94,4.83,75
Manggar,-2.88,108.27,84.7,69,5.23,82
Guánica,17.97,-66.91,75.72,93,8.63,100
Norman Wells,65.28,-126.83,19.4,92,3.36,75
Constitución,-35.33,-72.42,56.17,71,10.04,95
Shenjiamen,29.96,122.3,60.87,57,14.29,3
Nagydobos,48.06,22.3,33.8,100,1.12,90
Port Shepstone,-30.74,30.45,70.79,86,8.08,100
Chokurdakh,70.63,147.92,-11.85,91,3.67,99
Kenai,60.55,-151.26,34.38,100,3.36,90
Mbulu,-3.85,35.53,58.75,92,13.33,76
Kjøllefjord,70.95,27.35,33.17,94,2.89,100
Jimeta,9.28,12.47,75.13,36,2.24,0
Bulgan,48.81,103.53,32.61,85,2.89,0
Costineşti,43.95,28.63,41.0,100,6.93,1
Snyder,32.72,-100.92,69.8,60,12.75,1
Belaya Gora,68.53,146.42,-10.59,91,1.66,93
Lompoc,34.64,-120.46,52.23,66,20.8,75
Narsaq,60.92,-46.05,30.2,86,1.01,100
The Valley,18.22,-63.06,79.86,83,10.29,40
Jumla,29.27,82.18,49.42,44,3.29,0
Qinhuangdao,39.93,119.59,50.25,39,3.98,0
Yeppoon,-23.13,150.73,78.8,44,11.41,90
Imeni Poliny Osipenko,52.42,136.49,13.06,81,9.51,88
Nyaunglebin,17.95,96.73,78.26,83,3.29,4
Bayan,46.08,127.4,24.94,71,8.86,0
Bandarbeyla,9.49,50.81,77.07,83,15.75,15
Ancud,-41.87,-73.82,55.69,71,10.29,0
Yerbogachën,61.28,108.01,34.14,91,9.01,100
Cabo San Lucas,22.89,-109.91,77.38,73,16.11,5
Hiratachō,35.43,132.82,57.92,50,18.34,40
Pangnirtung,66.15,-65.71,8.06,82,3.89,25
Koutsouras,35.03,25.95,66.0,62,15.01,56
Cocorit,27.58,-109.97,77.0,53,3.36,75
Praia da Vitória,38.73,-27.07,55.49,81,5.99,20
Lanzhou,36.06,103.79,46.0,60,2.77,0
Ahipara,-35.17,173.17,60.04,80,13.56,96
Kembé,4.62,21.89,70.34,84,0.56,88
Talsi,57.25,22.58,30.2,100,2.82,0
Campbell River,50.02,-125.24,40.55,41,5.82,20
Fairlie,55.76,-4.86,48.69,94,7.52,99
Kahului,20.89,-156.47,79.36,48,19.46,20
Kashgar,39.45,75.98,42.8,30,11.18,20
Takoradze,4.88,-1.76,78.4,84,5.55,39
Walvis Bay,-22.96,14.51,58.06,87,1.12,99
Aktash,50.3,87.73,23.27,87,9.1,100
North Bend,43.41,-124.22,42.46,52,10.29,1
Sorrento,40.63,14.37,57.52,82,8.05,5
Saskylakh,71.92,114.08,-5.51,86,15.61,92
Esim,4.87,-2.24,77.76,85,5.97,99
Buraidah,26.33,43.98,68.0,82,4.7,40
Kavaratti,10.57,72.64,83.91,74,6.42,1
Birjand,32.87,59.22,41.0,27,6.93,0
Ayan,56.45,138.17,8.01,87,16.8,0
Río Gallegos,-51.62,-69.22,53.6,54,16.11,40
Hoshcha,50.6,26.67,40.3,92,3.04,0
Verāval,20.9,70.37,76.08,42,9.08,0
Dalvik,65.97,-18.53,28.4,79,2.24,0
Alenquer,-1.94,-54.74,82.4,88,3.36,20
Vostok,46.49,135.88,18.52,94,7.72,100
Marystown,47.17,-55.15,37.99,100,11.1,67
Losevo,50.68,40.05,47.07,80,10.51,100
Nokha,27.6,73.42,67.5,25,6.13,0
Victor Harbor,-35.57,138.62,77.0,54,8.59,83
Port-Cartier,50.03,-66.87,29.17,79,3.36,90
Thinadhoo,0.53,72.93,83.84,75,10.67,85
Elizabeth City,36.29,-76.25,60.58,88,5.82,1
Hofn,64.25,-15.21,40.91,77,9.75,100
Pánormos,35.42,24.69,59.65,73,5.48,54
São Gabriel da Cachoeira,-0.13,-67.09,74.64,96,2.66,63
Lar,26.2,83.97,70.57,46,1.81,0
Lang Son,21.83,106.73,68.5,48,11.52,0
Ternate,0.8,127.4,83.23,71,7.0,100
Southbridge,42.08,-72.03,52.07,75,1.34,0
Foumban,5.73,10.9,62.78,82,2.37,0
Mocuba,-16.84,36.99,77.05,63,4.23,0
Sisimiut,66.94,-53.67,15.58,92,15.84,100
Morgan City,29.7,-91.21,71.4,94,8.95,20
Licata,37.11,13.95,51.49,93,3.36,0
Chauk,20.88,94.82,77.52,67,10.67,0
Bakchar,57.02,82.07,36.72,81,14.12,92
Antofagasta,-23.65,-70.4,60.8,82,12.75,90
Massakory,13.0,15.73,74.59,28,10.78,35
Oruzgan,32.83,66.0,37.9,70,3.4,23
Tsimmerbude,54.67,20.13,46.71,93,2.24,90
Lac du Bonnet,50.25,-96.06,57.2,71,13.87,100
Hasaki,35.73,140.83,60.13,41,5.82,75
Coquimbo,-29.95,-71.34,55.4,87,4.7,0
Wanning,18.8,110.4,76.08,75,18.61,93
Vallenar,-28.57,-70.76,61.7,60,1.48,0
Iporá,-16.44,-51.12,73.67,75,4.65,33
Vardø,70.37,31.11,36.01,80,10.65,100
Socuéllamos,39.29,-2.79,48.0,81,3.71,10
Cap Malheureux,-19.98,57.61,73.0,82,4.0,22
Saýat,38.78,63.88,46.4,93,2.24,75
Visby,57.64,18.3,45.88,93,5.82,68
Luganville,-15.53,167.17,82.4,78,3.36,75
Vila Franca do Campo,37.72,-25.43,57.2,76,2.24,75
Kalmunai,7.42,81.82,81.64,79,3.76,100
Gejiu,23.31,103.16,53.55,75,4.32,7
Miranda de Ebro,42.69,-2.95,51.35,87,4.7,20
Borogontsy,62.67,131.17,-13.86,86,0.11,0
Kaspiysk,42.88,47.64,44.6,70,4.47,0
Mossamedes,-15.2,12.15,69.13,75,10.09,64
Korla,41.76,86.15,39.33,59,1.54,14
Bambanglipuro,-7.95,110.28,84.61,69,9.37,81
Kurumkan,54.3,110.3,26.91,94,2.53,91
Muros,42.78,-9.06,54.64,93,10.29,75
Sinnamary,5.38,-52.95,78.91,83,10.4,0
Hobyo,5.35,48.53,80.58,79,13.53,96
Tomatlán,19.93,-105.25,72.73,91,1.79,32
Ankazobe,-18.32,47.12,59.0,82,5.82,75
Surazh,53.02,32.39,38.73,97,5.93,28
Sirte,31.21,16.59,68.5,63,9.13,3
Gōtsuchō,35.0,132.22,59.0,51,4.7,75
Zabid,14.2,43.32,76.66,73,2.24,0
Faanui,-16.48,-151.75,79.03,77,15.55,88
Kaputa,-8.47,29.66,72.0,65,4.18,59
Koslan,63.46,48.9,32.94,94,11.59,98
Alice Springs,-23.7,133.88,96.8,9,11.41,0
Kamaishi,39.27,141.88,42.8,75,5.82,75
Hvide Sande,56.0,8.13,45.0,77,4.0,29
Conakry,9.54,-13.68,80.74,77,2.01,0
San Quintín,30.48,-115.95,61.54,66,18.97,35
Abu Dhabi,24.47,54.37,77.0,78,9.22,0
Bulawayo,-20.15,28.58,73.35,33,6.71,6
Cotacachi,0.3,-78.27,55.4,66,5.82,0
Touros,-5.2,-35.46,75.2,94,3.36,40
Rzhaksa,52.13,42.03,43.2,80,9.22,95
Salinópolis,-0.61,-47.36,80.35,80,11.61,0
Nanga Eboko,4.68,12.37,69.3,94,3.36,69
Nouadhibou,20.93,-17.03,71.6,64,19.46,0
Batagay,67.63,134.63,-24.9,83,2.86,7
Bilibino,68.05,166.44,-1.35,90,1.32,94
Yining,29.04,114.56,63.1,43,3.18,0
Jiexiu,37.02,111.91,53.13,39,1.57,0
Mendoza,-32.89,-68.83,75.2,47,4.7,40
Ucluelet,48.93,-125.55,39.72,80,3.36,20
Schisma Eloundas,35.27,25.72,62.73,82,7.49,40
Strezhevoy,60.73,77.59,32.0,97,8.95,40
Ternovka,51.68,41.64,45.9,82,10.92,99
Preobrazheniye,42.9,133.91,34.34,75,12.77,0
Khanbari,27.37,87.2,67.71,42,1.66,0
Arlit,18.74,7.39,69.35,30,10.85,0
Ishigaki,24.34,124.16,73.4,78,25.28,75
Katsuura,35.13,140.3,60.03,68,9.17,75
Isabela,6.71,121.97,86.0,74,4.7,20
Mae Sai,20.43,99.88,74.23,88,5.82,0
Iquitos,-3.75,-73.25,77.0,94,2.24,40
Praia,14.92,-23.51,78.8,74,14.99,0
Grand Gaube,-20.01,57.66,73.0,82,4.0,29
Broken Hill,-31.95,141.43,86.0,28,13.87,66
Villa Guerrero,18.87,-99.65,68.32,47,4.7,75
Kultuk,51.72,103.7,38.37,74,4.63,0
Oistins,13.07,-59.53,80.6,83,16.11,75
Chippewa Falls,44.94,-91.39,65.35,68,14.99,1
Shingū,33.73,135.98,60.8,55,13.87,40
Nelson Bay,-32.72,152.15,68.0,45,10.29,75
Forbes,-33.38,148.02,79.0,35,1.01,0
Tegul'det,57.31,88.17,38.19,79,12.44,100
Clarence Town,-32.58,151.78,69.03,45,10.29,75
Pombia,45.65,8.63,46.92,93,8.05,40
Pangai,-19.8,-174.35,80.6,78,8.05,20
Gordeyevka,52.96,31.97,38.88,96,5.91,17
Ugoofaaru,5.67,73.0,83.39,75,7.67,92
Russell,32.35,-85.2,70.99,83,6.93,90
Rāvar,31.27,56.81,52.47,44,5.44,0
Tamboril,19.49,-70.61,75.67,100,5.82,75
Bărăganul,44.8,27.52,43.0,85,5.01,0
Kaeo,-35.1,173.78,70.0,62,7.0,100
Varhaug,58.61,5.65,42.35,99,10.63,95
Samarai,-10.62,150.67,79.41,86,16.11,100
Manta,-0.95,-80.73,73.4,83,9.17,75
Ugep,5.81,8.08,73.69,96,3.22,83
Havøysund,71.0,24.66,39.2,80,39.15,75
Okhotsk,59.38,143.3,7.57,88,21.79,9
Banda Aceh,5.56,95.32,81.88,74,0.76,81
Marzuq,14.4,46.47,60.67,66,1.81,2
Najrān,17.49,44.13,62.6,36,1.05,0
Lamu,-2.27,40.9,77.0,94,4.94,40
Geraldton,-28.77,114.6,73.4,56,21.92,75
Yar-Sale,66.83,70.83,18.84,97,7.18,96
Sainte-Anne-des-Monts,49.12,-66.49,33.8,74,2.24,100
Oddur,4.12,43.89,70.18,94,7.74,3
Orotukan,62.27,151.7,-1.71,89,2.93,100
Pacific Grove,36.62,-121.92,50.2,58,18.34,40
Flin Flon,54.77,-101.86,13.3,96,17.38,100
Egvekinot,66.32,-179.17,17.69,96,7.96,100
Andapa,-14.65,49.65,66.04,91,1.83,100
Bealanana,-14.55,48.73,61.65,89,4.92,100
Buin,-33.73,-70.75,60.96,67,12.75,0
Hualmay,-11.1,-77.61,61.07,87,8.75,32
Pitimbu,-7.47,-34.81,77.0,94,5.82,75
Rabaul,-4.2,152.17,83.08,74,6.71,28
Rosarito,32.33,-117.03,55.53,76,12.75,90
San Policarpo,12.18,125.51,84.47,75,7.9,95
Mae Ramat,16.98,98.52,78.8,78,6.93,20
Dubăsari,47.26,29.16,42.8,100,6.93,90
Maple Creek,49.92,-109.48,13.12,92,25.28,100
Arrondissement de Moulins,46.5,3.33,46.36,100,1.12,0
Peniche,39.36,-9.38,57.38,90,4.0,0
Sovetskiy,61.36,63.58,29.19,98,6.55,100
Bilma,18.69,12.92,67.75,38,16.37,0
Boende,-0.22,20.87,70.63,97,2.89,100
Tigil',57.8,158.67,27.81,81,2.51,10
Anking,30.51,117.05,61.34,46,6.15,0
Port Lincoln,-34.73,135.87,75.45,34,15.05,22
Cabedelo,-6.98,-34.83,77.0,94,5.82,75
Townsville,-19.25,146.8,83.16,54,19.46,90
Berlevåg,70.86,29.09,33.53,91,8.08,100
Cairns,-16.92,145.77,87.91,43,19.46,56
Port Macquarie,-31.43,152.92,70.0,51,1.99,11
Talaya,61.38,152.75,-1.77,88,4.54,98
Ambilobe,-13.2,49.05,72.77,79,4.94,84
Sørland,67.67,12.69,42.96,73,28.99,64
Atherton,53.52,-2.49,52.0,97,1.01,100
Vestmannaeyjar,63.44,-20.27,44.67,81,26.22,100
Sydney,-33.87,151.21,67.33,55,1.12,75
Yenagoa,4.92,6.26,76.03,93,3.29,92
Torres,-29.34,-49.73,67.48,88,5.08,100
Amapá,1.0,-52.0,74.25,92,4.43,36
Pingliang,35.54,106.69,50.0,55,2.98,0
Cacequi,-29.88,-54.83,67.62,71,14.54,100
Kathu,7.92,98.33,78.8,88,3.36,20
Mogadishu,2.04,45.34,78.44,82,8.57,100
Machico,32.7,-16.77,61.11,55,4.7,20
Tual,-5.67,132.75,84.04,68,3.58,100
Baffa,34.44,73.22,56.5,32,4.16,88
Fort Nelson,58.81,-122.7,14.0,92,2.24,75
Hīt,33.64,42.83,66.47,48,7.49,50
Jizan,17.33,42.67,80.6,74,3.36,0
Debre Tabor,11.85,38.02,50.25,89,1.83,61
Luanda,-8.84,13.23,77.0,88,4.7,75
Bathsheba,13.22,-59.52,80.6,83,16.11,75
Esperance,-33.87,121.9,84.2,42,19.46,40
Maitum,6.04,124.5,86.0,66,2.24,40
Talnakh,69.49,88.4,24.8,92,20.13,40
Aranos,-24.13,19.12,67.24,39,15.93,43
La Tuque,47.43,-72.78,41.0,86,4.7,67
La Paz,-16.5,-68.15,50.0,65,2.24,75
Great Falls,47.5,-111.3,13.64,85,11.41,90
Høyanger,61.22,6.07,39.99,94,1.01,100
Mapiripán,2.89,-72.13,75.85,90,3.2,88
Nome,64.5,-165.41,29.59,69,3.36,1
Konakovo,56.7,36.77,32.52,94,7.85,0
Jalu,29.03,21.55,58.14,75,9.42,0
Henties Bay,-22.12,14.28,59.0,91,12.68,100
Lakatoro,-16.1,167.42,82.4,78,3.36,75
Grand-Santi,4.25,-54.38,75.72,85,4.03,10
Ixtapa,20.7,-105.2,80.29,78,5.82,5
Anshun,26.25,105.93,56.17,49,5.41,0
Tabou,4.42,-7.35,78.42,83,7.16,90
Bol,13.46,14.71,77.95,45,16.35,60
Baruun-Urt,46.68,113.28,33.37,80,9.98,0
Baillif,16.02,-61.75,77.0,94,2.24,0
Shirokiy,49.76,129.52,11.14,87,11.12,0
Vincennes,48.85,2.43,50.47,100,5.82,4
Kyshtovka,56.55,76.63,34.45,90,18.43,100
Båtsfjord,70.63,29.72,32.72,92,6.15,100
Calvinia,-31.47,19.78,43.63,91,3.38,17
Kuusankoski,60.91,26.62,28.17,100,4.7,90
Naghadeh,36.96,45.39,44.26,60,2.01,21
Tairua,-37.02,175.85,62.69,78,10.0,100
Barinitas,8.76,-70.41,72.37,87,2.66,100
Puerto del Rosario,28.5,-13.86,64.4,82,8.05,0
Meghri,38.9,46.24,47.61,54,2.24,0
Mazagão,-0.12,-51.29,82.4,83,11.41,40
Barcelos,41.54,-8.62,57.29,93,11.41,75
Outlook,51.5,-107.05,16.74,85,21.92,100
West Bay,19.37,-81.42,81.81,78,13.87,40
Te Anau,-45.42,167.72,60.64,50,4.9,54
Øksfjord,70.24,22.35,36.18,93,13.87,90
Hay River,60.82,-115.8,21.2,73,16.11,28
Basna,21.28,82.82,63.39,58,1.19,0
Fort Frances,48.6,-93.4,64.4,55,6.93,40
Arrondissement de Lons-le-Saunier,46.75,5.75,50.04,93,2.24,0
Coyhaique,-45.58,-72.07,57.2,58,2.24,0
